100
334010694 120086636
216890453 783685354
95347390 973304420
668247734 868088149
260760714 77027221
979052991 775439488
157135245 724744013
760589111 894298789
864601113 770598452
655357197 607698005
873686644 475660003
465994758 802539066
687850968 834968380
941812947 635283477
6287743 235889389
148690593 231467820
547195242 718716852
260288776 200592940
186637146 702497245
77053461 432967078
846358479 343592391
182527748 178553576
296849531 868866110
569903616 791441520
328303889 499159293
927514722 732812555
104577360 992299099
542425199 208384888
115658297 501088164
348215949 163616148
532128348 976334751
32431147 444450141
964106049 477300601
399203481 363288427
900617031 729581780
430557116 792663381
116350937 893827948
185450765 787465902
717988767 14061167
76022165 503873661
394785792 775705740
966218145 626139515
229154500 329935858
791423600 982702218
147625825 287360481
514739972 57156141
831260823 311722706
475432380 683264213
306916508 76796536
650009602 410072898
929116330 600750220
357361041 506921461
995427843 100313636
748193119 385554496
64127412 83884007
653490725 591926782
406875915 580477701
436850117 113982
968082810 810887130
19937986 438282122
795352795 883305118
66453252 591262046
848455536 723598499
740024426 982404700
535372602 278686585
275987160 676728532
492580691 815162061
602595434 288653172
693602676 217752844
520052342 82820564
135184488 764704793
42306935 91988944
550275019 514723981
482475280 718595873
479519905 254620586
623257403 729256605
720128631 608005163
111346313 153161005
924852907 689991410
771984419 155447476
114525061 424126732
419407531 984999864
736950467 599722027
244121340 565483584
850816454 907810848
328078890 966100679
909434448 276188914
799184073 701658225
772999134 969927759
600515605 2563288
231860699 959498938
880781881 244140084
832631783 471605531
901393860 334597776
354413795 191293405
715239054 88127992
20699072 438657284
468593905 443592239
777589593 334488900
377647483 37927007
